 NEO-SCF calculation will be performed using DIIS
 NEO-SCF Cycles 1
 Nuclear Block


 Fock Matrix:
Density Matrix: 
            1           2           3           4           5           6    
    1   0.0000000   0.0000000   0.0000000   0.0000000   0.0000000   0.0000000
    2   0.0000000   0.0000000   0.0000000   0.0000000   0.0000000   0.0000000
    3   0.0000000   0.0000000   0.0000000   0.0000000   0.0000000   0.0000000
    4   0.0000000   0.0000000   0.0000000   0.0000000   0.0000000   0.0000000
    5   0.0000000   0.0000000   0.0000000   0.0000000   0.0000000   0.0000000
    6   0.0000000   0.0000000   0.0000000   0.0000000   0.0000000   0.0000000
    7   0.0000000   0.0000000   0.0000000   0.0000000   0.0000000   0.0000000
    8   0.0000000   0.0000000   0.0000000   0.0000000   0.0000000   0.0000000
            7           8    
    1   0.0000000   0.0000000
    2   0.0000000   0.0000000
    3   0.0000000   0.0000000
    4   0.0000000   0.0000000
    5   0.0000000   0.0000000
    6   0.0000000   0.0000000
    7   0.0000000   0.0000000
    8   0.0000000   0.0000000
 ---------------------------------------
  Cycle       Energy         DIIS error
 ---------------------------------------


 Fock Matrix1:
            1           2           3           4           5           6    
    1  -0.9181841  -0.1146539   0.0000000   0.3348387   0.0000000   0.0000000
    2  -0.1146539   0.5885673   0.0000000   0.0019254  -0.0000000  -0.0000000
    3   0.0000000   0.0000000   0.5642476  -0.0000000  -0.0000000  -0.0000000
    4   0.3348387   0.0019254  -0.0000000   0.5033418  -0.0000000   0.0000000
    5   0.0000000  -0.0000000  -0.0000000  -0.0000000  -0.9181841   0.1146539
    6   0.0000000  -0.0000000  -0.0000000   0.0000000   0.1146539   0.5885673
    7  -0.0000000   0.0000000   0.0000000   0.0000000  -0.0000000   0.0000000
    8  -0.0000000  -0.0000000   0.0000000   0.0000000   0.3348387  -0.0019254
            7           8    
    1  -0.0000000  -0.0000000
    2   0.0000000  -0.0000000
    3   0.0000000   0.0000000
    4   0.0000000   0.0000000
    5  -0.0000000   0.3348387
    6   0.0000000  -0.0019254
    7   0.5642476   0.0000000
    8   0.0000000   0.5033418
Density Matrix1: 
            1           2           3           4           5           6    
    1   1.8985591   0.1142854  -0.0000000  -0.4237104  -0.0000000  -0.0000000
    2   0.1142854   0.0068795  -0.0000000  -0.0255056   0.0000000  -0.0000000
    3  -0.0000000  -0.0000000   0.0000000   0.0000000   0.0000000  -0.0000000
    4  -0.4237104  -0.0255056   0.0000000   0.0945614   0.0000000   0.0000000
    5  -0.0000000   0.0000000   0.0000000   0.0000000   1.8985591  -0.1142854
    6  -0.0000000  -0.0000000  -0.0000000   0.0000000  -0.1142854   0.0068795
    7   0.0000000   0.0000000   0.0000000  -0.0000000   0.0000000  -0.0000000
    8   0.0000000  -0.0000000  -0.0000000  -0.0000000  -0.4237104   0.0255056
            7           8    
    1   0.0000000   0.0000000
    2   0.0000000  -0.0000000
    3   0.0000000  -0.0000000
    4  -0.0000000  -0.0000000
    5   0.0000000  -0.4237104
    6  -0.0000000   0.0255056
    7   0.0000000  -0.0000000
    8  -0.0000000   0.0945614
B Matrix: 
            1           2    
    1   0.0000000  -1.0000000
    2  -1.0000000   0.0057453

energy (a.u.) : 
    1      18.5399622251      9.47e-03  


Fock Matrix2:
            1           2           3           4           5           6    
    1  -0.9167548  -0.1318787   0.0000000   0.3336989   0.0000000   0.0000000
    2  -0.1318787   0.5857981   0.0000000   0.0057306  -0.0000000  -0.0000000
    3   0.0000000   0.0000000   0.5637993  -0.0000000  -0.0000000   0.0000000
    4   0.3336989   0.0057306  -0.0000000   0.5033096   0.0000000   0.0000000
    5   0.0000000  -0.0000000  -0.0000000   0.0000000  -0.9167548   0.1318787
    6   0.0000000  -0.0000000   0.0000000   0.0000000   0.1318787   0.5857981
    7  -0.0000000  -0.0000000   0.0000000   0.0000000  -0.0000000   0.0000000
    8   0.0000000  -0.0000000   0.0000000   0.0000000   0.3336989  -0.0057306
            7           8    
    1  -0.0000000   0.0000000
    2  -0.0000000  -0.0000000
    3   0.0000000   0.0000000
    4   0.0000000   0.0000000
    5  -0.0000000   0.3336989
    6   0.0000000  -0.0057306
    7   0.5637993   0.0000000
    8   0.0000000   0.5033096
Density Matrix2: 
            1           2           3           4           5           6    
    1   1.8960540   0.1372682  -0.0000000  -0.4221904  -0.0000000  -0.0000000
    2   0.1372682   0.0099378  -0.0000000  -0.0305652   0.0000000  -0.0000000
    3  -0.0000000  -0.0000000   0.0000000   0.0000000   0.0000000  -0.0000000
    4  -0.4221904  -0.0305652   0.0000000   0.0940082   0.0000000   0.0000000
    5  -0.0000000   0.0000000   0.0000000   0.0000000   1.8960540  -0.1372682
    6  -0.0000000  -0.0000000  -0.0000000   0.0000000  -0.1372682   0.0099378
    7   0.0000000   0.0000000  -0.0000000  -0.0000000   0.0000000  -0.0000000
    8   0.0000000  -0.0000000  -0.0000000  -0.0000000  -0.4221904   0.0305652
            7           8    
    1   0.0000000   0.0000000
    2   0.0000000  -0.0000000
    3  -0.0000000  -0.0000000
    4  -0.0000000  -0.0000000
    5   0.0000000  -0.4221904
    6  -0.0000000   0.0305652
    7   0.0000000  -0.0000000
    8  -0.0000000   0.0940082
B Matrix: 
            1           2           3    
    1   0.0000000  -1.0000000  -1.0000000
    2  -1.0000000   0.0057453   0.0053974
    3  -1.0000000   0.0053974   0.0050716
Coefficient Vector: 
   -0.0003
  -14.6780
   15.6780


energy (a.u.) : 
    2      18.5390893083      8.90e-03  


 Fock Matrix:
            1           2           3           4           5           6    
    1  -0.8558431  -0.3649421   0.0000000   0.3054107  -0.0000000  -0.0000000
    2  -0.3649421   0.5033943   0.0000000   0.0544629   0.0000000  -0.0000000
    3   0.0000000   0.0000000   0.5578191  -0.0000000   0.0000000  -0.0000000
    4   0.3054107   0.0544629  -0.0000000   0.5065054   0.0000000   0.0000000
    5  -0.0000000   0.0000000   0.0000000   0.0000000  -0.8558431   0.3649421
    6  -0.0000000  -0.0000000  -0.0000000   0.0000000   0.3649421   0.5033943
    7   0.0000000   0.0000000   0.0000000  -0.0000000   0.0000000  -0.0000000
    8   0.0000000  -0.0000000  -0.0000000  -0.0000000   0.3054107  -0.0544629
            7           8    
    1   0.0000000   0.0000000
    2   0.0000000  -0.0000000
    3   0.0000000  -0.0000000
    4  -0.0000000  -0.0000000
    5   0.0000000   0.3054107
    6  -0.0000000  -0.0544629
    7   0.5578191  -0.0000000
    8  -0.0000000   0.5065054
Density Matrix: 
            1           2           3           4           5           6    
    1   1.8070137   0.4482156  -0.0000000  -0.3844888   0.0000000   0.0000000
    2   0.4482156   0.1111764  -0.0000000  -0.0953695  -0.0000000   0.0000000
    3  -0.0000000  -0.0000000   0.0000000   0.0000000  -0.0000000   0.0000000
    4  -0.3844888  -0.0953695   0.0000000   0.0818099  -0.0000000  -0.0000000
    5   0.0000000  -0.0000000  -0.0000000  -0.0000000   1.8070137  -0.4482156
    6   0.0000000   0.0000000   0.0000000  -0.0000000  -0.4482156   0.1111764
    7  -0.0000000  -0.0000000   0.0000000   0.0000000  -0.0000000   0.0000000
    8  -0.0000000   0.0000000   0.0000000   0.0000000  -0.3844888   0.0953695
            7           8    
    1  -0.0000000  -0.0000000
    2  -0.0000000   0.0000000
    3   0.0000000   0.0000000
    4   0.0000000   0.0000000
    5  -0.0000000  -0.3844888
    6   0.0000000   0.0953695
    7   0.0000000   0.0000000
    8   0.0000000   0.0818099
B Matrix: 
            1           2           3           4    
    1   0.0000000  -1.0000000  -1.0000000  -1.0000000
    2  -1.0000000   0.0057453   0.0053974   0.0003155
    3  -1.0000000   0.0053974   0.0050716   0.0003119
    4  -1.0000000   0.0003155   0.0003119   0.0002401
Coefficient Vector: 
   -0.0002
   28.7789
  -30.7722
    2.9933


energy (a.u.) : 
    3      18.5326902191      1.94e-03  


 Fock Matrix:
            1           2           3           4           5           6    
    1  -0.8555360  -0.3755851   0.0000000   0.2937586   0.0000000   0.0000000
    2  -0.3755851   0.4976975   0.0000000   0.0537736  -0.0000000  -0.0000000
    3   0.0000000   0.0000000   0.5575537  -0.0000000  -0.0000000   0.0000000
    4   0.2937586   0.0537736  -0.0000000   0.5110833  -0.0000000  -0.0000000
    5   0.0000000  -0.0000000  -0.0000000  -0.0000000  -0.8555360   0.3755851
    6   0.0000000  -0.0000000   0.0000000  -0.0000000   0.3755851   0.4976975
    7  -0.0000000  -0.0000000   0.0000000   0.0000000   0.0000000  -0.0000000
    8  -0.0000000   0.0000000   0.0000000   0.0000000   0.2937586  -0.0537736
            7           8    
    1  -0.0000000  -0.0000000
    2  -0.0000000   0.0000000
    3   0.0000000   0.0000000
    4   0.0000000   0.0000000
    5   0.0000000   0.2937586
    6  -0.0000000  -0.0537736
    7   0.5575537  -0.0000000
    8  -0.0000000   0.5110833
Density Matrix: 
            1           2           3           4           5           6    
    1   1.8062475   0.4624130  -0.0000000  -0.3689705  -0.0000000  -0.0000000
    2   0.4624130   0.1183812  -0.0000000  -0.0944592   0.0000000  -0.0000000
    3  -0.0000000  -0.0000000   0.0000000   0.0000000   0.0000000  -0.0000000
    4  -0.3689705  -0.0944592   0.0000000   0.0753713   0.0000000   0.0000000
    5  -0.0000000   0.0000000   0.0000000   0.0000000   1.8062475  -0.4624130
    6  -0.0000000  -0.0000000  -0.0000000   0.0000000  -0.4624130   0.1183812
    7   0.0000000   0.0000000  -0.0000000  -0.0000000  -0.0000000   0.0000000
    8   0.0000000  -0.0000000  -0.0000000  -0.0000000  -0.3689705   0.0944592
            7           8    
    1   0.0000000   0.0000000
    2   0.0000000  -0.0000000
    3  -0.0000000  -0.0000000
    4  -0.0000000  -0.0000000
    5  -0.0000000  -0.3689705
    6   0.0000000   0.0944592
    7   0.0000000   0.0000000
    8   0.0000000   0.0753713
B Matrix: 
            1           2           3           4           5    
    1   0.0000000  -1.0000000  -1.0000000  -1.0000000  -1.0000000
    2  -1.0000000   0.0057453   0.0053974   0.0003155   0.0001221
    3  -1.0000000   0.0053974   0.0050716   0.0003119   0.0001284
    4  -1.0000000   0.0003155   0.0003119   0.0002401   0.0002029
    5  -1.0000000   0.0001221   0.0001284   0.0002029   0.0001753
Coefficient Vector: 
  -1.2825e-14
  -3.3788e+00
   3.8130e+00
  -6.3989e+00
   6.9647e+00


energy (a.u.) : 
    4      18.5325593625      1.66e-03  


 Fock Matrix:
            1           2           3           4           5           6    
    1  -0.8701295  -0.3942167   0.0000000   0.2315769   0.0000000   0.0000000
    2  -0.3942167   0.4884152   0.0000000   0.0401665  -0.0000000  -0.0000000
    3   0.0000000   0.0000000   0.5571013  -0.0000000  -0.0000000   0.0000000
    4   0.2315769   0.0401665  -0.0000000   0.5335754  -0.0000000  -0.0000000
    5   0.0000000  -0.0000000  -0.0000000  -0.0000000  -0.8701295   0.3942167
    6   0.0000000  -0.0000000   0.0000000  -0.0000000   0.3942167   0.4884152
    7  -0.0000000  -0.0000000   0.0000000   0.0000000   0.0000000  -0.0000000
    8  -0.0000000   0.0000000   0.0000000   0.0000000   0.2315769  -0.0401665
            7           8    
    1  -0.0000000  -0.0000000
    2  -0.0000000   0.0000000
    3   0.0000000   0.0000000
    4   0.0000000   0.0000000
    5   0.0000000   0.2315769
    6  -0.0000000  -0.0401665
    7   0.5571013  -0.0000000
    8  -0.0000000   0.5335754
Density Matrix: 
            1           2           3           4           5           6    
    1   1.8250370   0.4872635  -0.0000000  -0.2861612  -0.0000000  -0.0000000
    2   0.4872635   0.1300936  -0.0000000  -0.0764017   0.0000000  -0.0000000
    3  -0.0000000  -0.0000000   0.0000000   0.0000000   0.0000000  -0.0000000
    4  -0.2861612  -0.0764017   0.0000000   0.0448694   0.0000000   0.0000000
    5  -0.0000000   0.0000000   0.0000000   0.0000000   1.8250370  -0.4872635
    6  -0.0000000  -0.0000000  -0.0000000   0.0000000  -0.4872635   0.1300936
    7   0.0000000   0.0000000  -0.0000000  -0.0000000  -0.0000000   0.0000000
    8   0.0000000  -0.0000000  -0.0000000  -0.0000000  -0.2861612   0.0764017
            7           8    
    1   0.0000000   0.0000000
    2   0.0000000  -0.0000000
    3  -0.0000000  -0.0000000
    4  -0.0000000  -0.0000000
    5  -0.0000000  -0.2861612
    6   0.0000000   0.0764017
    7   0.0000000   0.0000000
    8   0.0000000   0.0448694
B Matrix: 
            1           2           3           4           5           6    
    1   0.0000000  -1.0000000  -1.0000000  -1.0000000  -1.0000000  -1.0000000
    2  -1.0000000   0.0057453   0.0053974   0.0003155   0.0001221   0.0000009
    3  -1.0000000   0.0053974   0.0050716   0.0003119   0.0001284   0.0000008
    4  -1.0000000   0.0003155   0.0003119   0.0002401   0.0002029  -0.0000003
    5  -1.0000000   0.0001221   0.0001284   0.0002029   0.0001753  -0.0000003
    6  -1.0000000   0.0000009   0.0000008  -0.0000003  -0.0000003   0.0000000
Coefficient Vector: 
  -1.2251e-18
   7.3901e-01
  -8.3388e-01
   1.3881e+00
  -1.5078e+00
   1.2146e+00


energy (a.u.) : 
    5      18.5322590006      3.64e-06  


 Fock Matrix:
            1           2           3           4           5           6    
    1  -0.8700744  -0.3942353   0.0000000   0.2317049   0.0000000   0.0000000
    2  -0.3942353   0.4884007   0.0000000   0.0402060  -0.0000000  -0.0000000
    3   0.0000000   0.0000000   0.5571008  -0.0000000   0.0000000  -0.0000000
    4   0.2317049   0.0402060  -0.0000000   0.5335333   0.0000000   0.0000000
    5   0.0000000  -0.0000000   0.0000000   0.0000000  -0.8700744   0.3942353
    6   0.0000000  -0.0000000  -0.0000000   0.0000000   0.3942353   0.4884007
    7   0.0000000   0.0000000   0.0000000  -0.0000000   0.0000000  -0.0000000
    8   0.0000000  -0.0000000  -0.0000000   0.0000000   0.2317049  -0.0402060
            7           8    
    1   0.0000000   0.0000000
    2   0.0000000  -0.0000000
    3   0.0000000  -0.0000000
    4  -0.0000000   0.0000000
    5   0.0000000   0.2317049
    6  -0.0000000  -0.0402060
    7   0.5571008  -0.0000000
    8  -0.0000000   0.5335333
Density Matrix: 
            1           2           3           4           5           6    
    1   1.8249632   0.4872883  -0.0000000  -0.2863317   0.0000000   0.0000000
    2   0.4872883   0.1301122  -0.0000000  -0.0764542  -0.0000000   0.0000000
    3  -0.0000000  -0.0000000   0.0000000   0.0000000  -0.0000000   0.0000000
    4  -0.2863317  -0.0764542   0.0000000   0.0449247  -0.0000000  -0.0000000
    5   0.0000000  -0.0000000  -0.0000000  -0.0000000   1.8249632  -0.4872883
    6   0.0000000   0.0000000   0.0000000  -0.0000000  -0.4872883   0.1301122
    7  -0.0000000  -0.0000000   0.0000000   0.0000000  -0.0000000   0.0000000
    8  -0.0000000   0.0000000   0.0000000  -0.0000000  -0.2863317   0.0764542
            7           8    
    1  -0.0000000  -0.0000000
    2  -0.0000000   0.0000000
    3   0.0000000   0.0000000
    4   0.0000000  -0.0000000
    5  -0.0000000  -0.2863317
    6   0.0000000   0.0764542
    7   0.0000000   0.0000000
    8   0.0000000   0.0449247
B Matrix: 
            1           2           3           4           5           6    
    1   0.0000000  -1.0000000  -1.0000000  -1.0000000  -1.0000000  -1.0000000
    2  -1.0000000   0.0057453   0.0053974   0.0003155   0.0001221   0.0000009
    3  -1.0000000   0.0053974   0.0050716   0.0003119   0.0001284   0.0000008
    4  -1.0000000   0.0003155   0.0003119   0.0002401   0.0002029  -0.0000003
    5  -1.0000000   0.0001221   0.0001284   0.0002029   0.0001753  -0.0000003
    6  -1.0000000   0.0000009   0.0000008  -0.0000003  -0.0000003   0.0000000
    7  -1.0000000  -0.0000002  -0.0000002   0.0000001   0.0000001  -0.0000000
            7    
    1  -1.0000000
    2  -0.0000002
    3  -0.0000002
    4   0.0000001
    5   0.0000001
    6  -0.0000000
    7   0.0000000
Coefficient Vector: 
  -3.7317e-22
   3.7503e-03
  -4.2527e-03
   9.1114e-03
  -1.0436e-02
   8.9804e-03
   9.9285e-01


energy (a.u.) : 
    6      18.5322589995      8.08e-07  


 Fock Matrix:
            1           2           3           4           5           6    
    1  -0.8700844  -0.3942318   0.0000000   0.2316819   0.0000000   0.0000000
    2  -0.3942318   0.4884034   0.0000000   0.0401989  -0.0000000  -0.0000000
    3   0.0000000   0.0000000   0.5571009  -0.0000000   0.0000000  -0.0000000
    4   0.2316819   0.0401989  -0.0000000   0.5335409   0.0000000   0.0000000
    5   0.0000000  -0.0000000   0.0000000   0.0000000  -0.8700844   0.3942318
    6   0.0000000  -0.0000000  -0.0000000   0.0000000   0.3942318   0.4884034
    7   0.0000000   0.0000000   0.0000000  -0.0000000   0.0000000  -0.0000000
    8   0.0000000  -0.0000000  -0.0000000   0.0000000   0.2316819  -0.0401989
            7           8    
    1   0.0000000   0.0000000
    2   0.0000000  -0.0000000
    3   0.0000000  -0.0000000
    4  -0.0000000   0.0000000
    5   0.0000000   0.2316819
    6  -0.0000000  -0.0401989
    7   0.5571009  -0.0000000
    8  -0.0000000   0.5335409
Density Matrix: 
            1           2           3           4           5           6    
    1   1.8249766   0.4872837  -0.0000000  -0.2863010   0.0000000   0.0000000
    2   0.4872837   0.1301088  -0.0000000  -0.0764447  -0.0000000   0.0000000
    3  -0.0000000  -0.0000000   0.0000000   0.0000000  -0.0000000   0.0000000
    4  -0.2863010  -0.0764447   0.0000000   0.0449147   0.0000000  -0.0000000
    5   0.0000000  -0.0000000  -0.0000000   0.0000000   1.8249766  -0.4872837
    6   0.0000000   0.0000000   0.0000000  -0.0000000  -0.4872837   0.1301088
    7  -0.0000000  -0.0000000   0.0000000   0.0000000  -0.0000000   0.0000000
    8   0.0000000   0.0000000   0.0000000  -0.0000000  -0.2863010   0.0764447
            7           8    
    1  -0.0000000   0.0000000
    2  -0.0000000   0.0000000
    3   0.0000000   0.0000000
    4   0.0000000  -0.0000000
    5  -0.0000000  -0.2863010
    6   0.0000000   0.0764447
    7   0.0000000   0.0000000
    8   0.0000000   0.0449147

energy (a.u.) : 
    7      18.5322589995      3.02e-09  


 Fock Matrix:
            1           2           3           4           5           6    
    1  -0.8700844  -0.3942318   0.0000000   0.2316819   0.0000000   0.0000000
    2  -0.3942318   0.4884034   0.0000000   0.0401989  -0.0000000  -0.0000000
    3   0.0000000   0.0000000   0.5571009  -0.0000000   0.0000000  -0.0000000
    4   0.2316819   0.0401989  -0.0000000   0.5335409   0.0000000   0.0000000
    5   0.0000000  -0.0000000   0.0000000   0.0000000  -0.8700844   0.3942318
    6   0.0000000  -0.0000000  -0.0000000   0.0000000   0.3942318   0.4884034
    7   0.0000000   0.0000000   0.0000000  -0.0000000   0.0000000  -0.0000000
    8   0.0000000  -0.0000000  -0.0000000   0.0000000   0.2316819  -0.0401989
            7           8    
    1   0.0000000   0.0000000
    2   0.0000000  -0.0000000
    3   0.0000000  -0.0000000
    4  -0.0000000   0.0000000
    5   0.0000000   0.2316819
    6  -0.0000000  -0.0401989
    7   0.5571009  -0.0000000
    8  -0.0000000   0.5335409
Density Matrix: 
            1           2           3           4           5           6    
    1   1.8249766   0.4872837  -0.0000000  -0.2863010   0.0000000   0.0000000
    2   0.4872837   0.1301088  -0.0000000  -0.0764447  -0.0000000   0.0000000
    3  -0.0000000  -0.0000000   0.0000000   0.0000000  -0.0000000   0.0000000
    4  -0.2863010  -0.0764447   0.0000000   0.0449147   0.0000000  -0.0000000
    5   0.0000000  -0.0000000  -0.0000000   0.0000000   1.8249766  -0.4872837
    6   0.0000000   0.0000000   0.0000000  -0.0000000  -0.4872837   0.1301088
    7  -0.0000000  -0.0000000   0.0000000   0.0000000  -0.0000000   0.0000000
    8   0.0000000   0.0000000   0.0000000  -0.0000000  -0.2863010   0.0764447
            7           8    
    1  -0.0000000   0.0000000
    2  -0.0000000   0.0000000
    3   0.0000000   0.0000000
    4   0.0000000  -0.0000000
    5  -0.0000000  -0.2863010
    6   0.0000000   0.0764447
    7   0.0000000   0.0000000
    8   0.0000000   0.0449147
    8      18.5322589995      3.02e-09  Convergence criterion met
 Electronic Block


 Fock Matrix:
Density Matrix: 
            1           2           3           4           5           6    
    1   2.0718070  -0.2219461   0.0000000   0.0000000   0.0179971   0.0119140
    2  -0.2219461   0.8359533   0.0000000  -0.0000000  -0.0762097  -0.0018605
    3   0.0000000   0.0000000   0.6319598  -0.0000000  -0.0000000  -0.0000000
    4   0.0000000  -0.0000000  -0.0000000   0.7577946   0.0000000  -0.0000000
    5   0.0179971  -0.0762097  -0.0000000   0.0000000   0.5554020  -0.0424980
    6   0.0119140  -0.0018605  -0.0000000  -0.0000000  -0.0424980   2.1106521
    7  -0.0066941  -0.1755801  -0.0000000   0.0000000  -0.0086436  -0.4646046
    8   0.0000000  -0.0000000   0.1405628  -0.0000000  -0.0000000  -0.0000000
    9  -0.0000000   0.0000000  -0.0000000   0.8257804   0.0000000   0.0000000
   10   0.1472805  -0.4184526   0.0000000   0.0000000  -0.5935288  -0.0955612
   11  -0.1108835   0.2910709   0.4456016   0.0000000  -0.2517818   0.0102520
   12  -0.1108835   0.2910709  -0.4456016  -0.0000000  -0.2517818   0.0102520
            7           8           9          10          11          12    
    1  -0.0066941   0.0000000  -0.0000000   0.1472805  -0.1108835  -0.1108835
    2  -0.1755801  -0.0000000   0.0000000  -0.4184526   0.2910709   0.2910709
    3  -0.0000000   0.1405628  -0.0000000   0.0000000   0.4456016  -0.4456016
    4   0.0000000  -0.0000000   0.8257804   0.0000000   0.0000000  -0.0000000
    5  -0.0086436  -0.0000000   0.0000000  -0.5935288  -0.2517818  -0.2517818
    6  -0.4646046  -0.0000000   0.0000000  -0.0955612   0.0102520   0.0102520
    7   2.0509156   0.0000000  -0.0000000   0.5517013  -0.0256292  -0.0256292
    8   0.0000000   1.9197221   0.0000000   0.0000000  -0.3517213   0.3517213
    9  -0.0000000   0.0000000   0.8998656  -0.0000000   0.0000000   0.0000000
   10   0.5517013   0.0000000  -0.0000000   1.0331884   0.1184715   0.1184715
   11  -0.0256292  -0.3517213   0.0000000   0.1184715   0.6165715  -0.2270813
   12  -0.0256292   0.3517213   0.0000000   0.1184715  -0.2270813   0.6165715
 ---------------------------------------
  Cycle       Energy         DIIS error
 ---------------------------------------


 Fock Matrix:
            1           2           3           4           5           6    
    1  -11.018741   -2.969817    0.000000   -0.000000   -0.008616   -0.000330
    2   -2.969817   -1.591308   -0.000000    0.000000   -0.164362   -0.802747
    3    0.000000   -0.000000   -0.310637   -0.000000    0.000000   -0.000000
    4   -0.000000    0.000000   -0.000000   -0.061922   -0.000000    0.000000
    5   -0.008616   -0.164362    0.000000   -0.000000   -0.534581   -1.344139
    6   -0.000330   -0.802747   -0.000000    0.000000   -1.344139  -20.215457
    7   -0.437353   -0.886928   -0.000000    0.000000   -0.995890   -5.156829
    8   -0.000000   -0.000000   -0.258606    0.000000    0.000000   -0.000000
    9   -0.000000   -0.000000   -0.000000   -0.365385   -0.000000   -0.000000
   10    0.728757    0.651684    0.000000   -0.000000    0.435148    0.027257
   11   -0.774943   -0.726577   -0.351757    0.000000    0.178575   -0.112896
   12   -0.774943   -0.726577    0.351757    0.000000    0.178575   -0.112896
            7           8           9          10          11          12    
    1   -0.437353   -0.000000   -0.000000    0.728757   -0.774943   -0.774943
    2   -0.886928   -0.000000   -0.000000    0.651684   -0.726577   -0.726577
    3   -0.000000   -0.258606   -0.000000    0.000000   -0.351757    0.351757
    4    0.000000    0.000000   -0.365385   -0.000000    0.000000    0.000000
    5   -0.995890   -0.000000   -0.000000    0.435148    0.178575    0.178575
    6   -5.156829   -0.000000   -0.000000    0.027257   -0.112896   -0.112896
    7   -2.432251    0.000000    0.000000    0.185204   -0.195583   -0.195583
    8    0.000000   -0.371250   -0.000000   -0.000000   -0.051354    0.051354
    9    0.000000   -0.000000   -0.133879    0.000000   -0.000000   -0.000000
   10    0.185204   -0.000000    0.000000   -0.452666    0.176748    0.176748
   11   -0.195583   -0.051354   -0.000000    0.176748   -0.378635   -0.223437
   12   -0.195583    0.051354   -0.000000    0.176748   -0.223437   -0.378635
Density Matrix: 
            1           2           3           4           5           6    
    1   2.0749957  -0.2371400  -0.0000000   0.0000000   0.0287758   0.0116993
    2  -0.2371400   0.8998090   0.0000000  -0.0000000  -0.1269511  -0.0005940
    3  -0.0000000   0.0000000   0.7120350  -0.0000000  -0.0000000   0.0000000
    4   0.0000000  -0.0000000  -0.0000000   0.7178269   0.0000000  -0.0000000
    5   0.0287758  -0.1269511  -0.0000000   0.0000000   0.5615662  -0.0444338
    6   0.0116993  -0.0005940   0.0000000  -0.0000000  -0.0444338   2.1106524
    7  -0.0065264  -0.1769410   0.0000000   0.0000000   0.0046599  -0.4642689
    8   0.0000000   0.0000000   0.0872837  -0.0000000   0.0000000   0.0000000
    9   0.0000000   0.0000000  -0.0000000   0.8220405   0.0000000   0.0000000
   10   0.1423811  -0.3881677  -0.0000000   0.0000000  -0.6009328  -0.0940328
   11  -0.1068914   0.2918046   0.4534820   0.0000000  -0.2348128   0.0102777
   12  -0.1068914   0.2918046  -0.4534820  -0.0000000  -0.2348128   0.0102777
            7           8           9          10          11          12    
    1  -0.0065264   0.0000000   0.0000000   0.1423811  -0.1068914  -0.1068914
    2  -0.1769410   0.0000000   0.0000000  -0.3881677   0.2918046   0.2918046
    3   0.0000000   0.0872837  -0.0000000  -0.0000000   0.4534820  -0.4534820
    4   0.0000000  -0.0000000   0.8220405   0.0000000   0.0000000  -0.0000000
    5   0.0046599   0.0000000   0.0000000  -0.6009328  -0.2348128  -0.2348128
    6  -0.4642689   0.0000000   0.0000000  -0.0940328   0.0102777   0.0102777
    7   2.0462784  -0.0000000  -0.0000000   0.5435173  -0.0290079  -0.0290079
    8  -0.0000000   1.9414960   0.0000000   0.0000000  -0.3289999   0.3289999
    9  -0.0000000   0.0000000   0.9413837  -0.0000000   0.0000000   0.0000000
   10   0.5435173   0.0000000  -0.0000000   1.0578407   0.1116222   0.1116222
   11  -0.0290079  -0.3289999   0.0000000   0.1116222   0.5297269  -0.2011119
   12  -0.0290079   0.3289999   0.0000000   0.1116222  -0.2011119   0.5297269
B Matrix: 
            1           2    
    1   0.0000000  -1.0000000
    2  -1.0000000   0.0007634

energy (a.u.) : 
    1    -112.1381139384      2.30e-03  


 Fock Matrix:
            1           2           3           4           5           6    
    1  -11.006102   -2.967201    0.000000   -0.000000   -0.008806   -0.000330
    2   -2.967201   -1.587474   -0.000000    0.000000   -0.165777   -0.803049
    3    0.000000   -0.000000   -0.306585   -0.000000    0.000000   -0.000000
    4   -0.000000    0.000000   -0.000000   -0.058281   -0.000000    0.000000
    5   -0.008806   -0.165777    0.000000   -0.000000   -0.531889   -1.344653
    6   -0.000330   -0.803049   -0.000000    0.000000   -1.344653  -20.225879
    7   -0.437022   -0.887057   -0.000000    0.000000   -0.996611   -5.158917
    8   -0.000000   -0.000000   -0.258786    0.000000   -0.000000    0.000000
    9   -0.000000   -0.000000   -0.000000   -0.365431    0.000000   -0.000000
   10    0.728183    0.650908    0.000000   -0.000000    0.434771    0.027291
   11   -0.774282   -0.724560   -0.350224    0.000000    0.177386   -0.112938
   12   -0.774282   -0.724560    0.350224    0.000000    0.177386   -0.112938
            7           8           9          10          11          12    
    1   -0.437022   -0.000000   -0.000000    0.728183   -0.774282   -0.774282
    2   -0.887057   -0.000000   -0.000000    0.650908   -0.724560   -0.724560
    3   -0.000000   -0.258786   -0.000000    0.000000   -0.350224    0.350224
    4    0.000000    0.000000   -0.365431   -0.000000    0.000000    0.000000
    5   -0.996611   -0.000000    0.000000    0.434771    0.177386    0.177386
    6   -5.158917    0.000000   -0.000000    0.027291   -0.112938   -0.112938
    7   -2.436041    0.000000    0.000000    0.183090   -0.195569   -0.195569
    8    0.000000   -0.375771   -0.000000    0.000000   -0.051215    0.051215
    9    0.000000   -0.000000   -0.136106    0.000000   -0.000000   -0.000000
   10    0.183090    0.000000    0.000000   -0.455116    0.176590    0.176590
   11   -0.195569   -0.051215   -0.000000    0.176590   -0.375180   -0.222768
   12   -0.195569    0.051215   -0.000000    0.176590   -0.222768   -0.375180
Density Matrix: 
            1           2           3           4           5           6    
    1   2.0754565  -0.2393894  -0.0000000   0.0000000   0.0290090   0.0117067
    2  -0.2393894   0.9096181   0.0000000  -0.0000000  -0.1281411  -0.0008408
    3  -0.0000000   0.0000000   0.7201985  -0.0000000  -0.0000000   0.0000000
    4   0.0000000  -0.0000000  -0.0000000   0.7257045   0.0000000  -0.0000000
    5   0.0290090  -0.1281411  -0.0000000   0.0000000   0.5725574  -0.0448578
    6   0.0117067  -0.0008408   0.0000000  -0.0000000  -0.0448578   2.1104934
    7  -0.0062430  -0.1774687   0.0000000   0.0000000   0.0032579  -0.4635334
    8   0.0000000  -0.0000000   0.0886176  -0.0000000   0.0000000  -0.0000000
    9  -0.0000000   0.0000000  -0.0000000   0.8229137   0.0000000   0.0000000
   10   0.1423596  -0.3896448  -0.0000000   0.0000000  -0.6032242  -0.0951926
   11  -0.1061828   0.2899576   0.4525947   0.0000000  -0.2346823   0.0100291
   12  -0.1061828   0.2899576  -0.4525947  -0.0000000  -0.2346823   0.0100291
            7           8           9          10          11          12    
    1  -0.0062430   0.0000000  -0.0000000   0.1423596  -0.1061828  -0.1061828
    2  -0.1774687  -0.0000000   0.0000000  -0.3896448   0.2899576   0.2899576
    3   0.0000000   0.0886176  -0.0000000  -0.0000000   0.4525947  -0.4525947
    4   0.0000000  -0.0000000   0.8229137   0.0000000   0.0000000  -0.0000000
    5   0.0032579   0.0000000   0.0000000  -0.6032242  -0.2346823  -0.2346823
    6  -0.4635334  -0.0000000   0.0000000  -0.0951926   0.0100291   0.0100291
    7   2.0441187  -0.0000000  -0.0000000   0.5485888  -0.0275957  -0.0275957
    8  -0.0000000   1.9403412   0.0000000   0.0000000  -0.3313250   0.3313250
    9  -0.0000000   0.0000000   0.9331441  -0.0000000   0.0000000   0.0000000
   10   0.5485888   0.0000000  -0.0000000   1.0494450   0.1099032   0.1099032
   11  -0.0275957  -0.3313250   0.0000000   0.1099032   0.5229446  -0.2011625
   12  -0.0275957   0.3313250   0.0000000   0.1099032  -0.2011625   0.5229446
B Matrix: 
            1           2           3    
    1   0.0000000  -1.0000000  -1.0000000
    2  -1.0000000   0.0007634  -0.0002232
    3  -1.0000000  -0.0002232   0.0001267
Coefficient Vector: 
  -3.5103e-05
   2.6179e-01
   7.3821e-01


energy (a.u.) : 
    2    -112.1381947080      9.38e-04  


 Fock Matrix:
            1           2           3           4           5           6    
    1  -11.010273   -2.968076    0.000000   -0.000000   -0.008744   -0.000329
    2   -2.968076   -1.588885   -0.000000    0.000000   -0.164853   -0.802871
    3    0.000000   -0.000000   -0.308341   -0.000000    0.000000   -0.000000
    4   -0.000000    0.000000   -0.000000   -0.058709   -0.000000    0.000000
    5   -0.008744   -0.164853    0.000000   -0.000000   -0.533022   -1.344353
    6   -0.000329   -0.802871   -0.000000    0.000000   -1.344353  -20.219879
    7   -0.437129   -0.886743   -0.000000    0.000000   -0.995971   -5.157711
    8   -0.000000   -0.000000   -0.258545    0.000000    0.000000    0.000000
    9   -0.000000   -0.000000    0.000000   -0.365241    0.000000   -0.000000
   10    0.728369    0.650976    0.000000   -0.000000    0.434653    0.027332
   11   -0.774500   -0.725340   -0.350869    0.000000    0.177955   -0.112913
   12   -0.774500   -0.725340    0.350869    0.000000    0.177955   -0.112913
            7           8           9          10          11          12    
    1   -0.437129   -0.000000   -0.000000    0.728369   -0.774500   -0.774500
    2   -0.886743   -0.000000   -0.000000    0.650976   -0.725340   -0.725340
    3   -0.000000   -0.258545    0.000000    0.000000   -0.350869    0.350869
    4    0.000000    0.000000   -0.365241   -0.000000    0.000000    0.000000
    5   -0.995971    0.000000    0.000000    0.434653    0.177955    0.177955
    6   -5.157711    0.000000   -0.000000    0.027332   -0.112913   -0.112913
    7   -2.433293    0.000000    0.000000    0.183898   -0.195537   -0.195537
    8    0.000000   -0.372776   -0.000000   -0.000000   -0.051247    0.051247
    9    0.000000   -0.000000   -0.134902    0.000000   -0.000000   -0.000000
   10    0.183898   -0.000000    0.000000   -0.452797    0.176647    0.176647
   11   -0.195537   -0.051247   -0.000000    0.176647   -0.376539   -0.223009
   12   -0.195537    0.051247   -0.000000    0.176647   -0.223009   -0.376539
Density Matrix: 
            1           2           3           4           5           6    
    1   2.0753251  -0.2388168  -0.0000000   0.0000000   0.0292330   0.0117454
    2  -0.2388168   0.9077284   0.0000000  -0.0000000  -0.1290210  -0.0009671
    3  -0.0000000   0.0000000   0.7192252   0.0000000  -0.0000000   0.0000000
    4   0.0000000  -0.0000000   0.0000000   0.7197124  -0.0000000  -0.0000000
    5   0.0292330  -0.1290210  -0.0000000  -0.0000000   0.5705303  -0.0449899
    6   0.0117454  -0.0009671   0.0000000  -0.0000000  -0.0449899   2.1104834
    7  -0.0065422  -0.1764127   0.0000000   0.0000000   0.0044901  -0.4634351
    8   0.0000000   0.0000000   0.0871961  -0.0000000   0.0000000  -0.0000000
    9  -0.0000000   0.0000000  -0.0000000   0.8222556  -0.0000000   0.0000000
   10   0.1423548  -0.3885957  -0.0000000   0.0000000  -0.6026803  -0.0950610
   11  -0.1063695   0.2903993   0.4529553   0.0000000  -0.2344144   0.0100809
   12  -0.1063695   0.2903993  -0.4529553  -0.0000000  -0.2344144   0.0100809
            7           8           9          10          11          12    
    1  -0.0065422   0.0000000  -0.0000000   0.1423548  -0.1063695  -0.1063695
    2  -0.1764127   0.0000000   0.0000000  -0.3885957   0.2903993   0.2903993
    3   0.0000000   0.0871961  -0.0000000  -0.0000000   0.4529553  -0.4529553
    4   0.0000000  -0.0000000   0.8222556   0.0000000   0.0000000  -0.0000000
    5   0.0044901   0.0000000  -0.0000000  -0.6026803  -0.2344144  -0.2344144
    6  -0.4634351  -0.0000000   0.0000000  -0.0950610   0.0100809   0.0100809
    7   2.0432109  -0.0000000  -0.0000000   0.5478349  -0.0279539  -0.0279539
    8  -0.0000000   1.9411027   0.0000000   0.0000000  -0.3301497   0.3301497
    9  -0.0000000   0.0000000   0.9394091  -0.0000000  -0.0000000   0.0000000
   10   0.5478349   0.0000000  -0.0000000   1.0521855   0.1098385   0.1098385
   11  -0.0279539  -0.3301497  -0.0000000   0.1098385   0.5232308  -0.2009056
   12  -0.0279539   0.3301497   0.0000000   0.1098385  -0.2009056   0.5232308
B Matrix: 
            1           2           3           4    
    1   0.0000000  -1.0000000  -1.0000000  -1.0000000
    2  -1.0000000   0.0007634  -0.0002232   0.0000790
    3  -1.0000000  -0.0002232   0.0001267  -0.0000228
    4  -1.0000000   0.0000790  -0.0000228   0.0000106
Coefficient Vector: 
  -2.7812e-06
  -8.7580e-02
   5.4005e-02
   1.0336e+00


energy (a.u.) : 
    3    -112.1382164072      2.71e-04  


 Fock Matrix:
            1           2           3           4           5           6    
    1  -11.009769   -2.967972    0.000000   -0.000000   -0.008747   -0.000329
    2   -2.967972   -1.588768   -0.000000    0.000000   -0.164941   -0.802884
    3    0.000000   -0.000000   -0.308205    0.000000   -0.000000    0.000000
    4   -0.000000    0.000000    0.000000   -0.058377   -0.000000    0.000000
    5   -0.008747   -0.164941   -0.000000   -0.000000   -0.533095   -1.344376
    6   -0.000329   -0.802884    0.000000    0.000000   -1.344376  -20.220315
    7   -0.437117   -0.886757   -0.000000   -0.000000   -0.996012   -5.157799
    8   -0.000000   -0.000000   -0.258581    0.000000   -0.000000    0.000000
    9   -0.000000   -0.000000   -0.000000   -0.365235   -0.000000   -0.000000
   10    0.728348    0.650956    0.000000   -0.000000    0.434645    0.027350
   11   -0.774475   -0.725261   -0.350808    0.000000    0.177927   -0.112915
   12   -0.774475   -0.725261    0.350808    0.000000    0.177927   -0.112915
            7           8           9          10          11          12    
    1   -0.437117   -0.000000   -0.000000    0.728348   -0.774475   -0.774475
    2   -0.886757   -0.000000   -0.000000    0.650956   -0.725261   -0.725261
    3   -0.000000   -0.258581   -0.000000    0.000000   -0.350808    0.350808
    4   -0.000000    0.000000   -0.365235   -0.000000    0.000000    0.000000
    5   -0.996012   -0.000000   -0.000000    0.434645    0.177927    0.177927
    6   -5.157799    0.000000   -0.000000    0.027350   -0.112915   -0.112915
    7   -2.433407    0.000000    0.000000    0.183784   -0.195539   -0.195539
    8    0.000000   -0.372900   -0.000000    0.000000   -0.051234    0.051234
    9    0.000000   -0.000000   -0.135230    0.000000   -0.000000   -0.000000
   10    0.183784    0.000000    0.000000   -0.452708    0.176649    0.176649
   11   -0.195539   -0.051234   -0.000000    0.176649   -0.376408   -0.222977
   12   -0.195539    0.051234   -0.000000    0.176649   -0.222977   -0.376408
Density Matrix: 
            1           2           3           4           5           6    
    1   2.0753573  -0.2389670  -0.0000000   0.0000000   0.0291842   0.0117488
    2  -0.2389670   0.9083180   0.0000000  -0.0000000  -0.1288054  -0.0010150
    3  -0.0000000   0.0000000   0.7195591  -0.0000000   0.0000000   0.0000000
    4   0.0000000  -0.0000000  -0.0000000   0.7191931  -0.0000000  -0.0000000
    5   0.0291842  -0.1288054   0.0000000  -0.0000000   0.5718841  -0.0450184
    6   0.0117488  -0.0010150   0.0000000  -0.0000000  -0.0450184   2.1104646
    7  -0.0065162  -0.1764019   0.0000000   0.0000000   0.0041801  -0.4633503
    8   0.0000000   0.0000000   0.0876086  -0.0000000   0.0000000  -0.0000000
    9  -0.0000000   0.0000000   0.0000000   0.8221968  -0.0000000   0.0000000
   10   0.1423791  -0.3889622  -0.0000000   0.0000000  -0.6029298  -0.0952117
   11  -0.1063145   0.2902092   0.4528469  -0.0000000  -0.2345159   0.0100558
   12  -0.1063145   0.2902092  -0.4528469  -0.0000000  -0.2345159   0.0100558
            7           8           9          10          11          12    
    1  -0.0065162   0.0000000  -0.0000000   0.1423791  -0.1063145  -0.1063145
    2  -0.1764019   0.0000000   0.0000000  -0.3889622   0.2902092   0.2902092
    3   0.0000000   0.0876086   0.0000000  -0.0000000   0.4528469  -0.4528469
    4   0.0000000  -0.0000000   0.8221968   0.0000000  -0.0000000  -0.0000000
    5   0.0041801   0.0000000  -0.0000000  -0.6029298  -0.2345159  -0.2345159
    6  -0.4633503  -0.0000000   0.0000000  -0.0952117   0.0100558   0.0100558
    7   2.0429863  -0.0000000  -0.0000000   0.5485166  -0.0277880  -0.0277880
    8  -0.0000000   1.9408788   0.0000000   0.0000000  -0.3304994   0.3304994
    9  -0.0000000   0.0000000   0.9399527  -0.0000000  -0.0000000  -0.0000000
   10   0.5485166   0.0000000  -0.0000000   1.0509805   0.1096255   0.1096255
   11  -0.0277880  -0.3304994  -0.0000000   0.1096255   0.5230031  -0.2010767
   12  -0.0277880   0.3304994  -0.0000000   0.1096255  -0.2010767   0.5230031
B Matrix: 
            1           2           3           4           5    
    1   0.0000000  -1.0000000  -1.0000000  -1.0000000  -1.0000000
    2  -1.0000000   0.0007634  -0.0002232   0.0000790   0.0000168
    3  -1.0000000  -0.0002232   0.0001267  -0.0000228  -0.0000040
